[Camera]
Position = 3.05237 1.80445 -1.94458
CenterP = 0 0 0
Yaw = -212.500000
Pitch = -26.500000
